10000 121 13 0.374600322996846 0 0
-2.23382956062588 0.6780495853494 1.12801501897194 -0.720250519927533 -0.0654921556992756 0.813748276631401 0.0702041274394947 -1.40755900278587 0.523009271066152 0.835603958734258 0.160162608005454 1.8973004070459 -1.29075156698075
0.365726126655558 0.901174351336722 1.74479812267339 0.388760831789195 -0.538035385709933 -0.0646996093733946 -0.130456798551809 -0.590455188734364 1.22920483772569 0.900839669363718 -0.253533648826239 -1.75976264583169 1.30830309993036
-0.738323370574328 -0.764922891569055 1.16166320084174 -0.208279860152758 -0.640885482478631 1.07737055107204 -0.416788887859679 -2.56512820338703 1.19641731862142 0.782758012174424 0.999496479111519 0.290773910744099 -0.0169153010899514
-0.356969052670462 -2.59136726015301 0.9586939380774 -1.28612263016851 0.374223815272039 1.03928171965756 0.354189464877399 0.277758336175283 -0.18210883896634 0.399023266304019 1.05548166339924 1.20854252858024 1.66183646686682
-1.04749684019914 0.720386431790235 -1.32841751743386 0.694546972792886 0.288489132478419 -0.234532469089924 -0.173422299730709 0.967705890288 -0.0164837783873827 1.28593218812655 -1.04363909862217 -1.2919614847499 -0.47207858207842
-1.33625028524113 -1.16165642188905 0.809941592960278 -2.62461125001025 -0.719162701039633 0.671113515386677 -0.158949151280356 -0.350958321573814 -0.40276798141821 -1.60151620589778 1.15096728323486 0.630216551396434 -0.504034387755243
-0.285491642392957 2.95884020669953 0.68207622079328 0.314768282947683 0.335779120031606 -0.411654542735755 0.00193006972102261 0.291143244030123 -0.289442592985137 -0.283546037029924 0.383088567756323 0.397333556898322 0.25832626968688
-1.3818839761428 -1.28017677728078 -0.422087427705901 -0.608712704638214 -0.586934159810006 0.949450213245159 -0.7826448687068 0.520888764381798 -0.524288836516744 -0.994368852213694 -0.433280609888354 0.413326876256337 0.349310264585016
1.31458549571203 -1.26969344367628 1.49016347265174 -1.39707831499942 -1.77501280257168 0.914216725595367 0.861202842744182 0.279279119711406 -0.330938701957591 2.07489808301732 -0.691985046714691 -1.18179920292846 -0.537129205303805
0.625066796907544 -1.35194242106207 -0.217977952586311 1.29748031999622 -0.884475075479317 0.308986139880912 0.000885728939875818 0.366994405781433 1.09035047594958 2.56148418276133 -0.0125223032419782 0.308080172873841 0.64811884878942
-0.640525259459189 1.02708008165668 -0.320871780370289 -0.894549784651882 -1.41165079029508 0.446837487127911 1.3281023321494 0.0683571525739372 0.0580673891510618 -0.48819304776549 -0.676093364004066 -0.811085276015012 -1.45708973173662
1.29488437826313 1.01967462990208 0.772394114702525 1.34276944825202 0.268635488219239 0.632977132022126 0.584429541848071 0.26470919447093 0.0355028193000842 -0.371983892592832 -1.22413999838717 -0.0814538551982549 -0.548526462319949
0.804189069810542 -0.216871184044951 -0.0251004998278193 -0.940172173471917 -0.718837400320202 0.812096385453595 1.23120380478563 -0.595060967060824 -0.0689528747086451 -0.803420997360629 0.127317904742321 1.27420726159485 -1.77802174851084
-0.610624573707749 -1.42859772028601 -0.862335307209188 2.29533497668637 1.49888384503923 -0.845710459968805 0.447792454638563 1.73092562027038 -0.483989222056114 -2.91532154537184 1.39664673776373 -1.77600531849912 -2.18014354255794
-2.01825058638664 1.41840784214684 1.42291041540971 -0.753738468242806 -1.09081665735549 0.857342092309342 -0.520781242130176 -1.61410976456396 1.50344494533755 -0.826826354448392 -0.241159330063084 1.40916277286244 -1.48003179202288
0.199971424882604 -0.15240177131328 -0.0153920280369023 0.363809791388606 0.213528070422135 -0.442831461895806 0.240522677014649 -0.0219617036799991 -1.37178134384767 -0.138102682763477 -0.641453154323367 0.0907486793099544 -0.761640982377862
-0.123245391962898 2.25526616174382 1.39252343090913 -1.0280553262594 0.686727905139615 -1.71040908209544 -0.388952072564959 -0.190779676881135 -0.586718558096382 -3.10328215154788 -3.47088137069708 -0.131915310453684 -1.28846771223139
-0.776791659218014 -1.63155979083477 0.201147710376846 0.743381044076927 0.666383488254145 0.992795989362585 0.06383252314069 -1.87978980098735 0.517496916519836 1.50192791515754 -0.218244087872881 0.593650598114764 0.162110264115669
0.404082795216878 0.121192710054949 0.139762096344812 -0.0373763712489214 -0.319911691609214 -0.787071723758408 0.393303537728562 -0.281342378507487 -0.792464555589944 0.0896753916307256 1.07486384590278 0.768698950716035 -2.12964018711366
-0.428783374873962 0.527787972690332 0.233731966676873 -0.488148501504117 0.461956529373899 -1.47682359813835 0.725144184257639 0.459316601429594 0.927884542638441 -1.06828916839184 -0.186625982685989 -1.22047220127391 -1.58171825015558
1.98165479177868 1.12543513548538 1.65106671998745 -1.76104186398289 0.0787955020122361 -0.537588517820422 -0.550019740451085 -1.6637145375706 0.440945080020024 1.74272035732917 -1.11632421196104 -0.42385498706128 -0.640193016093918
-0.344840816450718 0.385229685314677 -1.14348627520275 1.35969047396476 0.994528085855493 0.159389298872156 -0.00559618496271866 0.151216332218391 -0.237627612578243 -0.594852468610749 -0.281088331125617 0.182884141009162 -1.19387437473394
0.00569736451581934 -0.164461243243261 0.785558550493315 0.165504814281402 -0.921026498964928 0.964879233616004 -0.35961380150308 0.622828616375931 1.11855423089737 0.540413422682458 0.344474124033358 0.457248177979806 0.252432230101014
1.20624104059294 -0.924158544620872 0.850560319743236 -0.0470053384343286 1.09191930490256 -0.25685497752052 0.375598149796882 -1.20390113430462 -0.636868894753402 -0.461801862681237 -0.305347787260921 -1.28904602596378 1.36992911209873
0.48637659965809 0.510844764830846 0.455180293456922 -1.67502092761415 -1.18815860848851 -0.50356513559661 -0.268449276903765 0.824273917973371 0.00840991640262784 -1.47583144618174 -2.02318095731093 -2.55166385407458 -3.09607509555624
0.528171988881616 -1.03306758535014 -1.17653956094958 0.141541821142769 0.290094071908116 0.0525879134092974 -0.389344956911476 -1.6851386538573 0.27736611152334 0.944743514898626 -2.4250094356646 -1.06129961292834 -0.147760372014319
0.59103546388215 0.29085682892899 1.39873659326235 0.340336936836204 -1.27339561303494 0.0589255206943191 -0.396892097233787 0.500061213344869 0.449283415021376 0.174927962433963 0.607387245433439 0.313985433797317 -1.79811081811751
-0.402630143784852 -0.923455461558129 -0.500519952900377 0.380406994023051 -0.281509326223976 0.880190361547758 0.138317410668675 -1.40946854545732 -0.521693304199647 0.329800708205061 0.278263328127159 -0.149749266729008 -0.440622102684527
-0.620598446662933 0.198006455084625 -0.655027954922162 2.41024323380112 1.31527680127152 -2.48391000045604 0.606041817530774 0.835687482884911 -0.69906837179645 -1.52831025486322 -0.379983789006968 0.121266967053154 0.0263918939354779
-0.425945665342565 -0.158667474447441 1.53783683950973 -0.0912651193299046 -2.21645311499938 -0.816757992261601 1.20464979177641 0.095310995920224 1.21106762680203 1.25075224832403 1.56037315127863 -0.0588663304002259 -0.19131845660878
-0.511424953009713 -0.588693471731141 0.191059150992775 -0.928040450183082 -0.924262777420133 0.266695458436893 -0.596401183684663 -0.290417696164605 -0.78960989899396 -1.09470496029318 0.0886265779973103 0.781790798261582 1.56956499445455
-0.695022970136598 -0.920471306345667 2.48778523891286 -1.84889585930056 -1.06923683915506 -1.60093118604349 -0.592248276473676 -1.32800255974585 1.19693801034442 0.64055075089108 0.42209736600511 0.454516538675035 -1.25284079176173
0.103501191203242 0.580049844460422 -0.376102468574609 -1.48075958485738 -0.972786570693429 0.585799199604097 -1.55062385588432 -0.529469426277127 0.279880780330387 -0.876073433286349 1.34693847767109 -1.78227409526973 -0.0458025239988301
1.98246974102152 -0.897158386266225 0.924919295992719 -1.19298645126771 -0.883895812232878 -0.556635539871407 0.541103757053738 -0.829367714385884 0.74327149852785 -1.4740831884562 0.351612298004315 0.591911237912515 1.97888500402693
-0.355101296318277 -0.0563037867701352 -0.882926730919941 -1.26387610061213 -0.339515215007072 1.06195477146372 1.54740081908532 0.602374054138998 -0.0716213695358539 -1.51248000558895 0.0749412813575777 -1.91075155021761 -1.22406555374559
0.917067574675891 -0.760984860587973 -0.501629701905349 -0.462102879177017 -0.444539295447025 0.273735520600723 -0.81850075036489 0.503532075923772 0.439736710447468 -0.450184588816063 0.289414600316103 0.0998852223972567 1.25603201710897
0.99882509826116 -0.514923124500176 -0.458125874680805 -0.395743299933327 1.17397416861355 0.265682065737215 -0.807289910666263 -0.105167176113817 -1.03062056883434 -2.30160738992043 -0.652187256067421 -1.2057563087516 -0.164562963554442
0.0654322349138096 1.36693271950013 0.0584213373492907 -0.473245126919734 -0.959349683370565 1.0695039286685 0.54405898218218 -0.112763232224703 0.956038241730276 0.544511363299477 -1.53927652166928 -0.140796298685361 0.514545489713136
0.908312016533406 2.12375039194119 0.55228123722833 -0.466540023949761 -2.17728231830133 0.796237071581132 -0.618680158896456 -0.244431826346259 0.35219025813587 1.70273071464634 -0.418298514458363 -0.344460945370322 -1.26256715922783
1.46524631421185 -2.01598320622669 -0.0837191220241455 0.489212065091693 -0.600172489962844 0.563005706892027 1.20345624322302 0.530835579385989 0.0584885127640929 0.141440402407054 0.780664864650957 -0.0833360720773313 0.842604507033593
-1.27829468801606 0.684416096253201 -0.204208157865395 2.07230061779065 2.23495283524289 -0.0966922692518643 0.483860139078106 0.0739707538486939 0.614273209130027 -0.718855660477551 -0.806339206856561 -0.51543444845612 -0.512982686357623
-0.522212878261345 -0.057591599671163 -0.272285315401733 0.476466663805106 0.185336586891851 -0.173711622998773 1.33457034926106 -0.494510896520956 -0.209715404569846 -0.704413571233148 0.225406738739318 0.364824378561073 -2.16234348635904
0.511074467990226 0.828096808139821 -0.234572625058099 0.284451634388418 -0.567904850554361 -0.721378575368769 0.145892570532641 0.0517368359800158 0.2654375914255 0.43208448433343 1.65110359321796 0.46277991527154 -2.46815946741447
-0.82421630264483 -0.356351588458148 0.842105798924518 0.557760138111663 1.25112669020848 0.314756865110446 0.584193924733443 -1.29660464184386 1.04306041326184 -1.27110954475099 -0.836138809950226 -0.388514447502333 -1.04911571811113
2.13593349529344 0.750860429134793 1.60600806699837 -0.179988047552558 -1.02345057180886 -1.50777976672948 -0.84310428192126 -0.674216515098309 0.850802545823282 3.03827478002912 -0.331805786480183 -1.34858436007953 0.305016388552212
1.04780607737493 -0.767214439223128 0.664621222247105 0.690040072871731 -0.308654355248864 0.403583339273149 0.693862199130519 0.35044890984429 0.964477623376503 0.389848352762206 -0.263533524144374 -2.55037778619512 1.14704539555782
0.760544486414412 0.39306555827618 0.315056999609931 0.465391926527021 0.315193529656724 1.04298187976061 0.272953505683197 0.500250391330683 -0.576770435726157 -0.371579958525143 -0.279644758301554 0.0463305020498852 -1.52900422554133
-1.7080599817109 -1.56605363324156 -0.341435446042753 -2.61014844718303 1.64545379628832 -1.75654550400263 0.42174575885565 0.0434224115754216 -0.944515556303952 -1.87428546489307 -3.03225263530706 -0.320815560303001 -1.35693586024631
-0.68736860755621 -0.773032633697688 -0.666887231942337 -0.521311805858005 -0.438431006491764 0.745890455823675 -0.668493564497656 0.18640992803847 0.642349701046962 0.166151077248813 0.500904381143796 -0.920851711067699 -0.427253131993986
-0.932345845790548 -0.227562613472118 1.11805172354199 -0.0609241596408038 -0.590029270939094 0.268406331306179 -0.42925401761087 -0.845998363908237 -0.212361532234737 0.843635629600073 0.350033826511978 1.85921564886657 -1.41537674893648
-1.49042980398166 -1.20035354332803 -0.58749491726841 -0.34824181430856 -0.286850778255953 -0.277957511815229 0.867765735087908 1.5564581582463 0.188863832827224 -0.219397246910904 -1.0187456136903 0.362668239286063 0.694185737302556
0.0654234491628949 -0.986752876348784 -0.0609935292203085 -0.711841308485256 0.544294982225849 -1.33363066779297 0.279508442010304 0.447435220744275 -0.930148047640107 1.38521805664807 -0.409305972376193 1.21926265841885 -2.36941970789641
-0.751598564047537 0.594567185286933 -0.542797305355859 -0.548489436298202 0.776196339435577 0.617957486757588 0.745168990584506 1.06128726216755 -0.884503363245006 -2.85961074902003 -1.35115950349772 -0.499069057929632 -1.75312486020625
-0.362299461607018 -0.950516502488283 -1.498437184622 0.366843027639409 1.75325412506175 0.577104523362109 -1.27946413921049 -1.75192062408362 -1.18452667213944 -0.474433455643355 -0.572181446722946 0.941238487336561 -0.223268232231281
-0.490534493716306 -1.70285269769732 -0.235336648307479 1.19831296413919 -1.15504507758063 -1.00026988403468 2.77852590756603 0.667592993436861 1.4601199278844 1.48409326130367 0.810146792460694 -0.142570133295143 0.593044940612645
1.311409753119 -1.77342896634873 0.0330701273397964 0.831843041559562 -0.453506898594291 -0.901060799531216 1.26000347641338 0.741944827474118 1.05422734010555 0.438341710162727 -0.202760493290573 0.213117808568525 1.96737815798438
0.614265848293216 -0.484303772644281 0.0628728599045995 -0.620169185890204 0.601803022243689 0.784298871216131 -0.333913159720463 0.108241194523219 0.696168711054037 -1.94765949632152 -1.44853433814029 0.902907034101516 -0.227089030598901
0.998977797676592 0.742939224991506 -0.655560596221474 0.407351317158486 0.298279617179067 1.33871118059814 0.52397532951746 0.304601309994394 0.475612848480333 -0.861665274719994 0.576437852586701 0.488820363527403 0.582624837989808
-0.0935343035183127 0.154130934633217 0.214904986442933 -0.085638306442616 0.300900370393805 0.418235700309566 1.0247178308305 0.0755284187522139 0.250024402437745 -0.447560356806686 0.836511586136656 -0.893794702756814 -0.496510595258571
-0.557323829299007 -1.56668345894711 -0.309265488041962 -0.375932439879451 -0.860210351087309 1.97223209940673 0.356717550698215 -1.00665604131412 0.496763121003563 -0.568580699316929 -0.176568546746484 0.561705494383506 0.962383876042042
0.458036017893955 1.66321102579379 -1.15199259603128 -0.0634891705339679 0.10446608590628 -1.04235973756679 -2.89927539517708 -0.535898603161737 1.08286432346123 0.449422768023378 -0.505758739371603 0.259337079960589 -2.41369994594109
0.38845886713672 -1.46991627334353 1.0169463135439 -2.58823606056611 -1.30555893681226 0.0197787336204338 1.27045080023162 -0.834653825041525 -0.382975605435735 2.27392170354554 0.825545968804746 0.0525150402966224 -1.59754684960263
-1.18134240630561 -0.410526561753421 0.515828660802355 0.432828579406832 -1.25704196136473 -1.31876639398166 -0.147487020697928 0.74330637099711 1.15314195625829 1.2507054512778 -1.6377222300571 0.622043783401847 1.55314082409935
0.109294260831376 1.17493590387537 -0.301309064544841 0.330239682935077 -0.443704445250678 0.192455814834864 1.00027934300367 0.693953976157188 0.0718999832944119 -1.02596187191015 0.352578632471288 0.483112630278431 -0.920900905158654
-0.854491958894449 -0.25944031503581 -0.670908974876306 0.756017562388045 -0.569128133890939 0.383478906682294 -0.132007332772283 -0.438676147312135 0.640794903875104 2.1243468976899 0.612137579102835 -0.0407774514032246 3.33217618117608
0.434319139374093 1.1832012235616 1.47330256308834 -1.07739653102497 -0.754111849080846 -0.145410804073023 0.175028815418585 0.884146448611946 -0.277064430014673 -0.344512720760952 -0.778661621560157 -0.548514065675595 -2.86745545732023
-0.164227031554455 -0.854034992309074 0.279933785004051 0.574718609146871 0.804210999534134 1.47526713868626 -0.43231864615089 -0.474208871215704 -0.554686964730698 0.67383439137494 -0.202935850449386 -0.457092864699419 0.729104356803162
0.70424770470177 -0.343039809788444 -0.590783545554291 0.432971460741261 0.415706155515271 -0.235008956132697 -1.86875627172352 0.443923260400237 0.150745574474341 -0.275214996265061 -2.05718908856543 0.0124595352234458 0.278752446223257
-0.973175008296576 -1.47922797687585 0.416257410942278 -2.05327318980686 0.0101977216482384 -0.990267176722818 0.757011578441603 0.784634040253143 -0.469748524602407 -0.848038280634325 0.0633654959400637 0.170085303056998 0.817515755380619
1.09525522830052 0.801814393016756 0.303434513640203 1.87022787790842 0.838080975740009 0.491333974668064 -0.0325922498261101 0.230618188942356 0.25214463834283 0.394521100334194 -0.135544482369038 0.0680406093129365 0.604156459061217
0.499627182853994 -1.13346984836926 -0.663927153188553 -0.702385130246939 0.201324778602397 0.736857323542775 0.769262655315862 1.76191489011832 0.208580810539988 0.238387254271897 0.406125702824754 -1.17042358772234 -0.758001563486193
0.0102149517881369 -0.549898898178443 0.419458184359502 0.982537739565199 0.526318021896712 -0.419568606521671 0.123637009258472 -0.727830931435522 0.905065878363541 -1.81839456462557 1.07280487459999 0.255483759600813 -0.897402182602419
-0.728932801933437 -0.320782494980168 -0.262969596597278 1.26561888616753 0.0671652837132554 1.07277117514701 0.752678670900396 -0.262889814909863 -0.75111692051378 0.220295567590435 -0.392726309438781 1.51456971667349 -0.201053433237754
-0.996590638062177 -0.295362088438236 0.923553599314518 -1.57243209586501 -1.61267172467216 -0.237727699473354 1.11826007713921 -0.540419301138364 0.400525515111812 0.099495394186839 -0.359671537374245 -0.0795947287477357 1.05257758389924
0.358930632552386 0.502692782949182 -0.808996599602929 0.496432613986129 -0.525783378609929 1.60193266466745 -0.719200093732568 0.28654084288034 0.844163357829446 1.64169865128323 1.56599074843402 -0.888585368384773 -0.156968134354608
-1.32653297233554 -0.746861646395179 0.437084524183179 -2.02218593508509 -0.348688218298267 -0.00848085470397852 0.322037983071185 1.65309417848518 -0.905129285665297 -0.487460735180041 -0.846193593827112 0.23515587766303 -1.20226113831201
-0.567765883102567 0.9097901139417 -0.503149182348845 0.628168631380866 -1.17486322489308 0.590593301801975 1.14256669232795 0.50952216517557 0.652723667844536 -0.493273663486899 0.930597748420532 -0.220360706510092 -2.36798308510667
-0.568240001859332 0.635094607676442 0.419551913195536 1.17552475785428 -0.2035671839945 -0.991327066980439 0.706597806657978 1.22878704658735 0.753768884575451 0.185394961185548 -2.34418051460573 -1.04635139846086 -1.66583478218492
1.09503317154447 0.144550791058597 -0.601522920905723 3.06114674867302 1.74928165882698 -0.393213116650473 -0.514654959815485 0.531610196176272 -0.330024630474642 -1.29087415879417 0.456583792055013 1.12578607632789 1.42108011930326
-0.24531765320652 -1.1770741124096 0.707357223023841 0.740601817754682 -0.585916788126325 -1.48962440427048 1.20263018685561 -0.598644080041956 -1.41043453607333 1.37447489562649 -0.093019064152449 1.40924061250402 -0.847032431965164
-1.77428419898783 -2.53827682850746 -0.0447363907043661 -1.76940272331391 -0.120901339835131 -0.0727872634719104 -0.368900065234833 -0.874393820091517 -2.0931985749083 -0.668519629067744 0.841117517917039 2.6477244636815 -1.06687428680707
1.09702940901823 -0.549280524567534 0.675756136923525 -0.518560078716261 -0.560138856992777 -0.135523248953979 0.0446691438489014 -1.03759733501277 1.01376461614643 0.406549393216349 -0.211664771569635 -1.56310848054233 1.31772554979878
0.567458534878294 -2.07657052837269 -0.000348559281217964 0.0157952931159802 0.290295418979464 0.585498540540796 0.528310222935343 -0.324678436573168 0.17980405440818 -1.0517717117313 -0.00985909564368178 -0.276046870726099 0.29227493140838
1.2804759270658 -0.53315438325053 -0.0532065476446295 -0.198289990943425 -1.07373715917722 -0.519804094825312 -0.166621589141571 0.27944190787056 1.21660984244817 0.93410030347962 0.396309244380027 0.716466930812299 0.194833444941635
0.972691194042942 -0.935588231039313 -0.965069505618586 -1.03808102175417 -0.822270869644541 1.13511875073898 -0.562653980945233 -0.667681977349315 -0.238828925431926 0.449879991659262 1.15814768637943 -0.556070022541624 0.447382377755142
-0.060945780799804 -1.76695613452516 0.303682633271154 -1.15795144514481 -0.708322963144248 -0.364891470577741 0.896204184994931 -0.640948801419854 1.17033660747578 -0.416036224454693 0.447487982579 1.91770349935731 -0.803038884070141
-0.258623127447763 2.52528903711501 0.340865719243938 -0.587308282717423 0.474773621216076 0.607273261300894 -0.312202575847635 0.897417549770738 0.536540857375309 -2.38603089366952 -0.137185559992708 -0.832663974802539 -1.39072031661041
0.922195514301155 0.834708329625703 0.987989777855207 0.362301100123405 -1.26034901789729 0.0697157121234191 1.4876515767324 0.1495949255523 0.781587576326047 0.408949708277147 -0.210318426454927 -1.7218680373951 -2.40039744884118
0.37039902163171 -0.562738761360795 0.477111988764119 -0.841107283075681 -1.41098873511201 0.61998077279249 -0.0896755337553255 -1.20613180882509 -1.38744913753674 -1.31550920387001 -1.14248594205544 -0.820056122352209 -1.13476571492855
-0.383118197381381 -1.16537155377337 0.801212942990446 0.207502425508938 0.745799672053973 0.437924189152353 1.71707754615086 -1.13739766637721 -0.022978845335134 0.035290308563048 0.550895774275293 1.07899657245618 0.343064670646032
-0.526857658078769 -0.0975320481517047 0.111555405821763 0.513599704928963 0.351632474455928 0.591053685214783 -0.762212116937521 0.799103708596731 1.01178337756174 -0.430526205171595 -0.337343355789414 0.566463207428831 -0.375827687350928
0.605260806161812 -2.10977222371078 -1.7562323372094 -0.728099761393609 0.279669530076073 0.420303053429154 0.677936240357429 -0.764627497921054 -0.576173911319361 -0.430497646504427 -1.34479631893757 0.33289294938913 0.199652034409728
-1.12235133599623 -0.478811677097541 0.507372112748433 0.649918377036705 0.633563249088262 0.482705146697141 -0.84542312916987 0.665698927547038 -0.414429622972208 -0.822394333623604 0.549331515164282 -0.376033098031635 -1.69244838622315
-0.677130989604177 -0.092481242512566 -0.868541395494074 0.111012618024432 0.216112529881897 -0.492610956910447 -0.763523346841811 -0.99507119515652 0.28667198535326 -0.0164179303087519 -1.04522777638559 0.00898975014568792 0.400013567218372
1.33330067660943 0.82230218590984 -2.05396867846151 2.8675340796782 2.00042439347369 0.678783035321246 1.95149748591677 1.18514177087354 0.600130921341801 -0.668311298788931 -0.631237598484965 0.161043234777986 0.607415385459205
-0.199424465789342 -2.03069741914092 -1.46566389225165 0.152485429104154 0.765913670706553 -1.4199263382441 0.0809196174167301 0.737312341618525 0.00785497644108596 -1.83629620621887 0.263941301171113 -0.600458939548718 -1.58950686974282
-1.54396584107841 -0.873551763028115 -0.706967462155385 -1.59869329591895 0.196333537828904 -0.835614586797383 -0.593177586704323 1.07468723677404 -2.66679349565112 -1.14952550142542 -1.95175984256612 -0.692678860706991 -1.11113130348575
-0.127870945771769 -0.566601142452216 -0.48183700578172 0.144047522225062 0.52352782500594 -0.540171608126427 0.155742311358261 1.67195633253513 -0.22525408532857 -2.88692845443611 0.155271594394584 -0.614591116605741 0.399057447937823
-0.466621087908498 -1.48451600435275 -0.710936718003983 -0.603885516709571 1.18414547681209 -0.455869176903783 0.107337347447817 1.40143061094384 -0.487271216016319 -2.344721579181 -0.30629801919746 -1.17255126612537 -1.11441676601812
0.581857798568686 -0.203130470267278 0.505989656156841 -1.03897957156559 -0.663515950848947 0.593142914256483 0.171887491193481 -0.602158935249152 0.145042067113874 -0.331378433062457 0.363991991324935 -1.27139409438696 0.098002098992739
-0.84919392558054 2.45994641944355 0.059504563210682 0.103701253090946 0.475561592435741 0.598944419488638 0.476800621327161 -0.185796341081792 -0.794392176495487 -1.11919300779869 -1.24636789707651 0.373712107815493 -0.643512268953204
-0.626719724458552 0.116254223645494 -1.92489854792289 0.291989078804562 -0.96124810140041 0.359332885552597 -0.51667236852924 0.453187959619251 0.679198793651169 0.276178030771791 0.313047203055149 -0.319447606615201 -0.0200266784827256
-0.837630820514508 -2.34228417809661 0.449551435434142 0.379946708268911 -0.458716242174248 -0.289031109112322 0.0305639105733183 0.331174881930898 -0.451228509072639 0.544447519795223 0.174065952229796 0.0558206271638959 -0.349748413979872
0.776150290715311 -0.752664953170374 1.34241221942172 -0.152920557006977 -0.811730887322564 0.17155646786571 -0.161242800025032 0.5655439730413 0.351162489775295 0.3321235797907 -1.83053474900811 -0.214085503226992 0.450104470067925
-0.717733329258998 0.71500896910209 -0.19803829946891 2.23171885572652 0.638459417742676 -0.0635763301938762 -0.00318908453323047 0.306245959138103 -0.772499684822965 0.650427708266755 0.0154708938292909 0.508800723215672 -0.294741003057588
-0.173902539646018 -0.58884237013298 -0.746203500509046 1.57429483530589 0.225298798630297 0.225625621655704 0.446295698184721 1.09550258742529 0.55048290646002 -0.537504568377905 -1.54279964975414 -0.738292226428318 -1.30125094824744
1.95928623732615 0.394823920991675 -1.83823452460708 3.36763255227168 -0.792179302108208 0.424617161437208 -0.79252317635957 0.0672647367807485 0.348548781594817 1.24649011011666 0.526555349568698 -0.537082039036322 1.24985447337608
-2.07705020903651 -1.52740421759567 -0.469189277429517 0.390694417348767 -0.912717060854919 -0.318209758303043 -2.55233357945996 0.488288464974601 0.00582506607059022 2.20667380155486 0.598414342918981 0.453944497322362 2.73914431005602
0.860532701011448 -0.827441632646664 -1.21995766795718 0.900094783512085 -0.984345241185729 -0.354368257133565 -0.154022007827105 0.726462393953307 1.73240546943085 1.03282559625585 0.630461875770406 -1.99571872242551 1.41171204502561
0.720695506213134 -0.412537774279099 -2.66871875039006 1.51505989329745 2.9188560994951 0.402226665717146 1.08960347199897 -0.511485511887515 -0.819425934372282 -2.30360790172888 -0.692676084058584 -0.384891616687367 0.644132273479537
0.0870149701983267 -0.28375019676919 0.747034224910217 0.835634616863254 0.131259566731658 0.582076477686709 -0.101768673977353 -1.83248940752935 0.392640039938437 1.33084709094768 -1.01188842991111 -0.53653545234114 1.21003223733128
0.162322429179746 -1.58236100508808 1.72274452561959 -0.305133762255899 -0.719734360774861 -0.771316522529153 -1.09309067632825 -0.396638081306887 1.13954719137934 2.92311093370273 1.24551566389397 -0.360726902803352 -1.06201915316096
-0.015844820398852 -2.02315745110699 0.120910885115387 1.58982544920516 0.262256185923651 -0.9703726356337 0.310900408312014 0.976489778235282 -0.346105908229224 -1.04673333172798 0.221482553056294 0.650146619652468 1.20143888797257
-1.28453594243317 0.620742711111888 0.156744762272972 0.69217351125808 0.235332145345546 0.275818621063742 1.10959870870373 -0.496380793067028 0.748736560020897 -1.12633798355525 0.0581691643590355 -0.750685854357159 0.336988725355724
1.22732829995748 -0.731876784437931 -0.38500482929403 -0.284490739298854 0.353879737727088 0.0359672118653855 0.0299763391476027 1.30446443092173 -1.40959834590002 -2.11529607549428 1.18957411813479 1.83878275461494 -0.23778173248813
-1.49670348794149 0.377222064540634 1.20865367848465 -1.78201805932696 -0.69165818714304 0.669396605052763 2.90115532605492 0.977105679607183 0.134199003797222 -2.97668164375989 -1.77218159332554 -1.85878636006362 -1.38290552565614
-2.46620611988904 0.394357301217769 -0.0877874186136917 -0.703527831918819 -0.907812369134666 -0.618883568294963 0.988904021557007 0.140084435307094 0.796390281957563 -0.745108738285388 -0.15685687607321 -0.548918832694733 -0.819164486231147
-0.649703401627691 -1.40355630297016 -1.26687828480527 0.687155861857927 0.0938444642280254 1.23579926814169 2.45957186073264 1.1806486516553 1.08062357720781 -2.01650488000167 0.305183789567252 -1.47629823796456 -0.150021838314376
-0.927678040117145 0.873958293281129 -0.485354025109499 -0.609359872283473 -0.869663136606413 0.404361744943921 -0.457794353001712 -1.29753500107736 0.354927094238421 0.00744709202430943 0.369360760461467 -2.02767873756583 -0.517279808267368
0.263560849837588 -1.39435106445294 -0.0341225865298953 -1.73382784144175 0.106933234211084 0.46216205833219 -1.90317603318897 -1.23785743194042 -0.515716272519112 0.0901992149228481 1.23259908273105 0.793969816890965 1.96692859204178
0.498906443506119 -0.510035344854734 0.0130767702737473 3.16071072627047 0.148017783701574 1.8788812573326 -0.56947951199479 -2.40077070451935 1.49497234847275 0.95056630654852 1.05881132353216 1.56719848756923 0.50196051339544
